1. 485.58 475.41 - 335.44 325.27
2. 479.19 469.15 - 337.94 327.9
3. 447.48 437.96 - 288.11 278.59
4. 531.03 520.36 - 340.72 330.05
5. 524.32 513.67 - 354.48 343.83
6. 533.69 522.87 - 356.19 345.37
7. 539.13 528.21 - 352.49 341.57
8. 522.92 512.03 - 359 348.11
9. 529.36 518.55 - 358.93 348.12
10. 488.43 477.98 - 354.13 343.68
11. 506.48 496.07 - 341.19 330.78
12. 507.7 497.44 - 337.11 326.85
13. 491.55 480.99 - 353.84 343.28
14. 549.5 538.13 - 390.59 379.22
15. 593.94 581.66 - 448.72 436.44
16. 544.2 533.1 - 371.6 360.5
17. 448.51 438.57 - 316.16 306.22
18. 453.18 443.58 - 304.21 294.61
19. 480.35 470 - 362.56 352.21
20. 507.46 496.99 - 337.56 327.09
21. 449.25 439.27 - 307.18 297.2
22. 494.97 484.63 - 326.63 316.29
23. 465.29 454.91 - 334.91 324.53
24. 439.12 429.83 - 287.74 278.45
25. 498.57 487.9 - 367.95 357.28
26. 490.3 480.22 - 325.6 315.52
27. 424.45 414.98 - 288.81 279.34
28. 509.8 499.32 - 348.02 337.54
29. 467.7 457.65 - 312.03 301.98
30. 503.49 492.87 - 351.32 340.7
31. 485.75 475.43 - 334.58 324.26
32. 543.81 532.87 - 367.47 356.53
33. 460.97 451.17 - 315.39 305.59
34. 493.62 483.16 - 329.63 319.17
35. 445.02 435.37 - 314.69 305.04
36. 478.64 468.06 - 352.64 342.06
37. 480.65 470.18 - 340.13 329.66
38. 462.39 452.65 - 288.21 278.47
39. 511.91 501.71 - 334.76 324.56
40. 521.7 510.58 - 375.36 364.24
41. 552.67 541.44 - 382.97 371.74
42. 560.5 548.98 - 393.61 382.09
43. 483.4 473.6 - 299.19 289.39
44. 558.41 547.25 - 379.72 368.56
45. 484.24 473.16 - 364.04 352.96
46. 516.77 506.06 - 347.47 336.76
47. 512.55 501.82 - 381.04 370.31
48. 544.41 533.66 - 359.74 348.99
49. 527.21 516.84 - 351.25 340.88
50. 531.93 520.68 - 381.4 370.15
51. 526.98 516.64 - 337.78 327.44
52. 473.44 463.45 - 314.02 304.03
53. 529.46 518.34 - 382.33 371.21
54. 525.81 515.57 - 331.04 320.8
55. 551.85 540.34 - 400.89 389.38
56. 542.87 531.77 - 383.78 372.68
57. 482.7 472.2 - 348.06 337.56
58. 514.36 503.15 - 375.25 364.04
59. 526.69 515.68 - 373.23 362.22
60. 520.69 510.12 - 361.97 351.4
61. 515.05 504.5 - 359.67 349.12
62. 570.99 559.43 - 395.62 384.06
63. 520.92 510.45 - 342.33 331.86
64. 510.33 499.3 - 367.11 356.08
65. 489.31 479.68 - 293.14 283.51
66. 535.98 525.05 - 370.92 359.99
67. 496.81 486.57 - 328.43 318.19
68. 454.58 444.85 - 302.63 292.9
69. 434.79 425.54 - 293.2 283.95
70. 512.39 501.64 - 357.45 346.7
71. 476.12 466.16 - 310.12 300.16
72. 530.44 519.48 - 368.37 357.41
73. 508.39 497.89 - 335.51 325.01
74. 492.47 481.68 - 369.32 358.53
75. 534.78 523.99 - 362.26 351.47
76. 455.07 445.92 - 260.65 251.5
77. 513.04 502.59 - 339.14 328.69
78. 528.19 517.17 - 372.02 361
79. 531.87 521.16 - 335.79 325.08
80. 465.74 455.66 - 330.01 319.93
81. 452.73 443.22 - 289.3 279.79
82. 508.63 498.24 - 344.63 334.24
83. 467.47 457.24 - 337.89 327.66
84. 460.82 450.93 - 309.81 299.92
85. 487.97 477 - 355.87 344.9
86. 490.53 480.17 - 328.18 317.82
87. 433.47 424.75 - 256.19 247.47
88. 487.97 477.65 - 340.63 330.31
89. 533.47 522.36 - 383.66 372.55
90. 485.74 475.52 - 324.92 314.7
91. 552.29 541.63 - 341.21 330.55
92. 501.56 491.2 - 339.93 329.57
93. 496.82 486.51 - 338.99 328.68
94. 547.16 535.7 - 398.21 386.75
95. 500.29 489.55 - 358.33 347.59
96. 492.41 481.93 - 358.13 347.65
97. 529.73 519.22 - 359.32 348.81
98. 521.6 510.97 - 351.19 340.56
99. 569.92 558.47 - 400.65 389.2
100. 558.7 547.23 - 394.06 382.59
